0.10000000000000001 1
0.20000000000000001 2
0.30000000000000004 4
0.40000000000000002 8
0.5 16
0.59999999999999998 16
0.69999999999999996 20.592
0.79999999999999993 20.592
0.89999999999999991 20.592
0.99999999999999989 1
1.0999999999999999 1
1.2 1
1.3 2
1.4000000000000001 3
1.5000000000000002 5
1.6000000000000003 9
1.7000000000000004 10.1
1.8000000000000005 10.2971
1.9000000000000006 11.0499
2.0000000000000004 11.0499
2.1000000000000005 12.0077
2.2000000000000006 12.0077
2.3000000000000007 12.6585
2.4000000000000008 12.9716
2.5000000000000009 12.9716
2.600000000000001 13.8682
2.7000000000000011 13.8682
2.8000000000000012 13.8682
2.9000000000000012 14.7781
3.0000000000000013 14.7781
3.1000000000000014 14.7781
3.2000000000000015 1
3.3000000000000016 1
3.4000000000000017 1
3.5000000000000018 2
3.6000000000000019 2
3.700000000000002 4
3.800000000000002 7.14286
3.9000000000000021 7.55493
4.0000000000000018 8.07116
4.1000000000000014 8.43732
4.2000000000000011 9.01415
4.3000000000000007 9.01415
4.4000000000000004 9.96775
4.5 9.96775
4.5999999999999996 10.65
4.6999999999999993 10.837
4.7999999999999989 10.837
4.8999999999999986 11.7269
4.9999999999999982 11.7269
5.0999999999999979 11.7269
5.1999999999999975 12.6331
5.2999999999999972 12.6331
5.3999999999999968 12.6331
5.4999999999999964 13.5523
5.5999999999999961 13.5523
5.6999999999999957 13.5523
5.7999999999999954 1
5.899999999999995 1
5.9999999999999947 1
6.0999999999999943 2
6.199999999999994 3
6.2999999999999936 4
6.3999999999999932 6.32883
6.4999999999999929 6.32883
6.5999999999999925 6.48684
6.6999999999999922 7.22412
6.7999999999999918 7.22412
6.8999999999999915 8.14301
6.9999999999999911 8.14301
7.0999999999999908 8.14301
7.1999999999999904 9.07844
7.2999999999999901 9.07844
7.3999999999999897 9.18859
7.4999999999999893 10.0259
7.599999999999989 10.0259
7.6999999999999886 10.0259
7.7999999999999883 10.8904
7.8999999999999879 10.8904
7.9999999999999876 10.8904
8.0999999999999872 1
8.1999999999999869 1
8.2999999999999865 1
8.3999999999999861 2
8.4999999999999858 4
8.5999999999999854 4
8.6999999999999851 5.57776
8.7999999999999847 5.57776
8.8999999999999844 6.42297
8.999999999999984 6.42297
9.0999999999999837 6.42297
9.1999999999999833 7.30649
9.2999999999999829 7.30649
9.3999999999999826 8.21603
9.4999999999999822 8.21603
9.5999999999999819 8.21603
9.6999999999999815 9.14389
9.7999999999999812 9.14389
9.8999999999999808 9.14389
9.9999999999999805 10.0851
