0.10000000000000001 1
0.20000000000000001 2
0.30000000000000004 4
0.40000000000000002 6
0.5 8
0.59999999999999998 16
0.69999999999999996 16
0.79999999999999993 16
0.89999999999999991 1
0.99999999999999989 1
1.0999999999999999 1
1.2 2
1.3 2
1.4000000000000001 3
1.5000000000000002 5
1.6000000000000003 8
1.7000000000000004 8
1.8000000000000005 8.6066
1.9000000000000006 8.6066
2.0000000000000004 9.49592
2.1000000000000005 9.49592
2.2000000000000006 9.60123
2.3000000000000007 10.405
2.4000000000000008 10.405
2.5000000000000009 11.3292
2.600000000000001 11.3292
2.7000000000000011 11.3292
2.8000000000000012 12.265
2.9000000000000012 12.265
3.0000000000000013 12.265
3.1000000000000014 13.21
3.2000000000000015 13.21
3.3000000000000016 13.21
3.4000000000000017 13.9484
3.5000000000000018 13.9484
3.6000000000000019 1
3.700000000000002 1
3.800000000000002 2
3.9000000000000021 4
4.0000000000000018 4
4.1000000000000014 6.32883
4.2000000000000011 6.32883
4.3000000000000007 7.22412
4.4000000000000004 7.22412
4.5 7.22412
4.5999999999999996 8.14301
4.6999999999999993 8.14301
4.7999999999999989 9.07844
4.8999999999999986 9.07844
4.9999999999999982 9.07844
5.0999999999999979 10.0259
5.1999999999999975 10.0259
5.2999999999999972 10.0259
5.3999999999999968 10.9822
5.4999999999999964 10.9822
5.5999999999999961 10.9822
5.6999999999999957 11.8611
5.7999999999999954 11.8611
5.899999999999995 11.8611
5.9999999999999947 12.7577
6.0999999999999943 12.7577
6.199999999999994 13.6685
6.2999999999999936 13.6685
6.3999999999999932 14.5909
6.4999999999999929 14.5909
6.5999999999999925 15.5228
6.6999999999999922 15.5228
6.7999999999999918 16.2789
6.8999999999999915 16.4625
6.9999999999999911 16.4625
7.0999999999999908 17.4089
7.1999999999999904 17.4089
7.2999999999999901 17.5807
7.3999999999999897 18.361
7.4999999999999893 18.361
7.599999999999989 18.5239
7.6999999999999886 19.3178
7.7999999999999883 19.3178
7.8999999999999879 19.3695
7.9999999999999876 1
8.0999999999999872 1
8.1999999999999869 1
8.2999999999999865 2
8.3999999999999861 2
8.4999999999999858 4
8.5999999999999854 8
8.6999999999999851 8
8.7999999999999847 9.43651
8.8999999999999844 9.75093
8.999999999999984 9.75093
9.0999999999999837 10.638
9.1999999999999833 10.638
9.2999999999999829 11.5434
9.3999999999999826 11.5434
9.4999999999999822 11.5434
9.5999999999999819 12.463
9.6999999999999815 12.463
9.7999999999999812 12.463
9.8999999999999808 13.394
9.9999999999999805 13.394
