0.10000000000000001 1
0.20000000000000001 2
0.30000000000000004 4
0.40000000000000002 8
0.5 8
0.59999999999999998 16
0.69999999999999996 16
0.79999999999999993 16
0.89999999999999991 1
0.99999999999999989 1
1.0999999999999999 1
1.2 2
1.3 3
1.4000000000000001 5
1.5000000000000002 5
1.6000000000000003 8
1.7000000000000004 9
1.8000000000000005 10.199
1.9000000000000006 10.199
2.0000000000000004 11.1404
2.1000000000000005 11.1404
2.2000000000000006 12.0909
2.3000000000000007 12.0909
2.4000000000000008 12.0909
2.5000000000000009 13.0486
2.600000000000001 13.0486
2.7000000000000011 13.2772
2.8000000000000012 14.0121
2.9000000000000012 14.0121
3.0000000000000013 14.2954
3.1000000000000014 14.9802
3.2000000000000015 14.9802
3.3000000000000016 15.1134
3.4000000000000017 15.8891
3.5000000000000018 15.8891
3.6000000000000019 16.8084
3.700000000000002 17.6229
3.800000000000002 17.9607
3.9000000000000021 18.6715
4.0000000000000018 19.0433
4.1000000000000014 19.6131
4.2000000000000011 19.8163
4.3000000000000007 20.5602
4.4000000000000004 20.5602
4.5 21.4188
4.5999999999999996 21.512
4.6999999999999993 21.7435
4.7999999999999989 22.4234
4.8999999999999986 22.4234
4.9999999999999982 22.9092
5.0999999999999979 23.2991
5.1999999999999975 23.2991
5.2999999999999972 23.893
5.3999999999999968 24.143
5.4999999999999964 24.143
5.5999999999999961 24.6354
5.6999999999999957 24.9583
5.7999999999999954 24.9583
5.899999999999995 25.5135
5.9999999999999947 25.7478
6.0999999999999943 26.1336
6.199999999999994 26.5137
6.2999999999999936 27.1846
6.3999999999999932 27.2581
6.4999999999999929 27.8393
6.5999999999999925 27.9827
6.6999999999999922 28.2319
6.7999999999999918 28.689
6.8999999999999915 28.689
6.9999999999999911 29.2759
7.0999999999999908 29.3782
7.1999999999999904 29.3782
7.2999999999999901 30.0517
7.3999999999999897 30.0517
7.4999999999999893 30.0517
7.599999999999989 30.7103
7.6999999999999886 30.7103
7.7999999999999883 30.7103
7.8999999999999879 31.3551
7.9999999999999876 31.3551
8.0999999999999872 31.3551
8.1999999999999869 31.987
8.2999999999999865 31.987
8.3999999999999861 32.4219
8.4999999999999858 32.6065
8.5999999999999854 33.2145
8.6999999999999851 33.2145
8.7999999999999847 33.8115
8.8999999999999844 33.8115
8.999999999999984 34.3109
9.0999999999999837 34.3982
9.1999999999999833 34.5433
9.2999999999999829 34.9751
9.3999999999999826 34.9751
9.4999999999999822 35.3166
9.5999999999999819 35.5425
9.6999999999999815 35.5425
9.7999999999999812 35.9622
9.8999999999999808 36.1011
9.9999999999999805 36.1011
