0.10000000000000001 1
0.20000000000000001 2
0.30000000000000004 4
0.40000000000000002 4
0.5 8
0.59999999999999998 8
0.69999999999999996 16
0.79999999999999993 16
0.89999999999999991 16
0.99999999999999989 1
1.0999999999999999 1
1.2 1
1.3 2
1.4000000000000001 3
1.5000000000000002 5
1.6000000000000003 8
1.7000000000000004 8
1.8000000000000005 8.6066
1.9000000000000006 8.6066
2.0000000000000004 9.06232
2.1000000000000005 9.49592
2.2000000000000006 9.49592
2.3000000000000007 10.405
2.4000000000000008 10.405
2.5000000000000009 10.405
2.600000000000001 11.3292
2.7000000000000011 11.3292
2.8000000000000012 11.6782
2.9000000000000012 12.265
3.0000000000000013 12.265
3.1000000000000014 12.508
3.2000000000000015 1
3.3000000000000016 1
3.4000000000000017 1
3.5000000000000018 2
3.6000000000000019 2
3.700000000000002 4
3.800000000000002 6.32883
3.9000000000000021 7.22412
4.0000000000000018 7.22412
4.1000000000000014 8.14301
4.2000000000000011 8.14301
4.3000000000000007 8.62359
4.4000000000000004 9.07844
4.5 9.07844
4.5999999999999996 10.0259
4.6999999999999993 10.0259
4.7999999999999989 10.2244
4.8999999999999986 10.9822
4.9999999999999982 10.9822
5.0999999999999979 11.6045
5.1999999999999975 11.8611
5.2999999999999972 11.8611
5.3999999999999968 12.5196
5.4999999999999964 12.7577
5.5999999999999961 12.7577
5.6999999999999957 1
5.7999999999999954 1
5.899999999999995 1
5.9999999999999947 2
6.0999999999999943 2
6.199999999999994 4
6.2999999999999936 4
6.3999999999999932 6.32883
6.4999999999999929 6.32883
6.5999999999999925 7.22412
6.6999999999999922 7.22412
6.7999999999999918 7.22412
6.8999999999999915 8.14301
6.9999999999999911 8.14301
7.0999999999999908 8.85398
7.1999999999999904 9.07844
7.2999999999999901 9.07844
7.3999999999999897 10.0259
7.4999999999999893 10.0259
7.599999999999989 10.0259
7.6999999999999886 10.9822
7.7999999999999883 10.9822
7.8999999999999879 10.9822
7.9999999999999876 11.6907
8.0999999999999872 11.8611
8.1999999999999869 11.8611
8.2999999999999865 12.7577
8.3999999999999861 12.7577
8.4999999999999858 13.6685
8.5999999999999854 13.6685
8.6999999999999851 14.5909
8.7999999999999847 14.5909
8.8999999999999844 15.5228
8.999999999999984 15.5228
9.0999999999999837 16.3404
9.1999999999999833 16.4625
9.2999999999999829 16.4625
9.3999999999999826 17.4089
9.4999999999999822 17.4089
9.5999999999999819 17.7508
9.6999999999999815 18.361
9.7999999999999812 18.361
9.8999999999999808 18.7922
9.9999999999999805 19.3178
