0.10000000000000001 20
0.20000000000000001 20
0.30000000000000004 20
0.40000000000000002 20
0.5 20
0.59999999999999998 20
0.69999999999999996 20
0.79999999999999993 20
0.89999999999999991 8
0.99999999999999989 8
1.0999999999999999 8
1.2 8
1.3 8
1.4000000000000001 8
1.5000000000000002 8
1.6000000000000003 8
1.7000000000000004 8
1.8000000000000005 8
1.9000000000000006 8
2.0000000000000004 8
2.1000000000000005 8
2.2000000000000006 8
2.3000000000000007 8
2.4000000000000008 8
2.5000000000000009 8
2.600000000000001 8
2.7000000000000011 8
2.8000000000000012 8
2.9000000000000012 8
3.0000000000000013 8
3.1000000000000014 8
3.2000000000000015 8
3.3000000000000016 8
3.4000000000000017 8
3.5000000000000018 8
3.6000000000000019 6
3.700000000000002 6
3.800000000000002 6
3.9000000000000021 6
4.0000000000000018 6
4.1000000000000014 6
4.2000000000000011 6
4.3000000000000007 6
4.4000000000000004 6
4.5 6
4.5999999999999996 6
4.6999999999999993 6
4.7999999999999989 6
4.8999999999999986 6
4.9999999999999982 6
5.0999999999999979 6
5.1999999999999975 6
5.2999999999999972 6
5.3999999999999968 6
5.4999999999999964 6
5.5999999999999961 6
5.6999999999999957 6
5.7999999999999954 6
5.899999999999995 6
5.9999999999999947 6
6.0999999999999943 6
6.199999999999994 6
6.2999999999999936 6
6.3999999999999932 6
6.4999999999999929 6
6.5999999999999925 6
6.6999999999999922 6
6.7999999999999918 6
6.8999999999999915 6
6.9999999999999911 6
7.0999999999999908 6
7.1999999999999904 6
7.2999999999999901 6
7.3999999999999897 6
7.4999999999999893 6
7.599999999999989 6
7.6999999999999886 6
7.7999999999999883 6
7.8999999999999879 6
7.9999999999999876 9
8.0999999999999872 9
8.1999999999999869 9
8.2999999999999865 9
8.3999999999999861 9
8.4999999999999858 9
8.5999999999999854 9
8.6999999999999851 9
8.7999999999999847 9
8.8999999999999844 9
8.999999999999984 9
9.0999999999999837 9
9.1999999999999833 9
9.2999999999999829 9
9.3999999999999826 9
9.4999999999999822 9
9.5999999999999819 9
9.6999999999999815 9
9.7999999999999812 9
9.8999999999999808 9
9.9999999999999805 9
