0.10000000000000001 20
0.20000000000000001 20
0.30000000000000004 20
0.40000000000000002 20
0.5 20
0.59999999999999998 20
0.69999999999999996 20
0.79999999999999993 20
0.89999999999999991 10
0.99999999999999989 10
1.0999999999999999 10
1.2 10
1.3 10
1.4000000000000001 10
1.5000000000000002 10
1.6000000000000003 10
1.7000000000000004 10
1.8000000000000005 10
1.9000000000000006 10
2.0000000000000004 10
2.1000000000000005 10
2.2000000000000006 10
2.3000000000000007 10
2.4000000000000008 10
2.5000000000000009 10
2.600000000000001 10
2.7000000000000011 10
2.8000000000000012 10
2.9000000000000012 10
3.0000000000000013 10
3.1000000000000014 10
3.2000000000000015 10
3.3000000000000016 10
3.4000000000000017 10
3.5000000000000018 10
3.6000000000000019 10
3.700000000000002 10
3.800000000000002 10
3.9000000000000021 10
4.0000000000000018 10
4.1000000000000014 10
4.2000000000000011 10
4.3000000000000007 10
4.4000000000000004 10
4.5 10
4.5999999999999996 10
4.6999999999999993 10
4.7999999999999989 10
4.8999999999999986 10
4.9999999999999982 10
5.0999999999999979 10
5.1999999999999975 10
5.2999999999999972 10
5.3999999999999968 10
5.4999999999999964 10
5.5999999999999961 10
5.6999999999999957 10
5.7999999999999954 10
5.899999999999995 10
5.9999999999999947 10
6.0999999999999943 10
6.199999999999994 10
6.2999999999999936 10
6.3999999999999932 10
6.4999999999999929 10
6.5999999999999925 10
6.6999999999999922 10
6.7999999999999918 10
6.8999999999999915 10
6.9999999999999911 10
7.0999999999999908 10
7.1999999999999904 10
7.2999999999999901 10
7.3999999999999897 10
7.4999999999999893 10
7.599999999999989 10
7.6999999999999886 10
7.7999999999999883 10
7.8999999999999879 10
7.9999999999999876 10
8.0999999999999872 10
8.1999999999999869 10
8.2999999999999865 10
8.3999999999999861 10
8.4999999999999858 10
8.5999999999999854 10
8.6999999999999851 10
8.7999999999999847 10
8.8999999999999844 10
8.999999999999984 10
9.0999999999999837 10
9.1999999999999833 10
9.2999999999999829 10
9.3999999999999826 10
9.4999999999999822 10
9.5999999999999819 10
9.6999999999999815 10
9.7999999999999812 10
9.8999999999999808 10
9.9999999999999805 10
